place(1.038, 1.000, -36.350, "Brawler", 300)
place(-5.350, 1.000, -35.784, "Brawler", 300)
place(1.017, 1.000, -34.212, "Brawler", 300)
place(-5.294, 1.000, -33.652, "Brawler", 300)
place(0.826, 1.000, -32.156, "Brawler", 300)
place(-5.150, 1.000, -31.629, "Brawler", 300)
place(0.707, 1.000, -30.025, "Brawler", 300)
place(-5.109, 1.000, -29.424, "Brawler", 300)
place(0.816, 1.000, -27.947, "Brawler", 300)
place(-5.111, 1.000, -27.254, "Brawler", 300)
upgrade(1.038, 2.350, -36.350, 150)
upgrade(-5.350, 2.350, -35.784, 150)
upgrade(1.017, 2.350, -34.212, 150)
upgrade(-5.294, 2.350, -33.652, 150)
upgrade(0.826, 2.350, -32.156, 150)
upgrade(-5.150, 2.350, -31.629, 150)
upgrade(0.707, 2.350, -30.025, 150)
upgrade(-5.109, 2.350, -29.424, 150)
upgrade(0.816, 2.350, -27.947, 150)
upgrade(-5.111, 2.350, -27.254, 150)
sell(-5.111, 2.350, -27.254)
sell(-5.109, 2.350, -29.424)
sell(-5.150, 2.350, -31.629)
sell(-5.294, 2.350, -33.652)
sell(-5.350, 2.350, -35.784)
sell(1.038, 2.350, -36.350)
sell(1.017, 2.350, -34.212)
sell(0.826, 2.350, -32.156)
sell(0.707, 2.350, -30.025)
sell(0.816, 2.350, -27.947)
